,Otwarcie,Najwyzszy,Najnizszy,Zamkniecie,Wolumen,Otwarcie_brk-a_us_d,Najwyzszy_brk-a_us_d,Najnizszy_brk-a_us_d,Zamkniecie_brk-a_us_d,Wolumen_brk-a_us_d,Otwarcie_xom_us_d,Najwyzszy_xom_us_d,Najnizszy_xom_us_d,Zamkniecie_xom_us_d,Wolumen_xom_us_d,Otwarcie_pfe_us_d,Najwyzszy_pfe_us_d,Najnizszy_pfe_us_d,Zamkniecie_pfe_us_d,Wolumen_pfe_us_d,Otwarcie_^spx_d,Najwyzszy_^spx_d,Najnizszy_^spx_d,Zamkniecie_^spx_d,Wolumen_^spx_d,Otwarcie_tsla_us_d,Najwyzszy_tsla_us_d,Najnizszy_tsla_us_d,Zamkniecie_tsla_us_d,Wolumen_tsla_us_d,Otwarcie_ibm_us_d,Najwyzszy_ibm_us_d,Najnizszy_ibm_us_d,Zamkniecie_ibm_us_d,Wolumen_ibm_us_d,Otwarcie_msft_us_d,Najwyzszy_msft_us_d,Najnizszy_msft_us_d,Zamkniecie_msft_us_d,Wolumen_msft_us_d,Otwarcie_aapl_us_d,Najwyzszy_aapl_us_d,Najnizszy_aapl_us_d,Zamkniecie_aapl_us_d,Wolumen_aapl_us_d,Otwarcie_t_us_d,Najwyzszy_t_us_d,Najnizszy_t_us_d,Zamkniecie_t_us_d,Wolumen_t_us_d,Otwarcie_ms_us_d,Najwyzszy_ms_us_d,Najnizszy_ms_us_d,Zamkniecie_ms_us_d,Wolumen_ms_us_d
Otwarcie,1.0,0.999845482292074,0.9997866397112661,0.9992321575643897,-0.4946461119730294,0.9755274351653359,0.9754838855056056,0.9757709915642443,0.9755660864177961,0.5157437512971387,0.41636952349722733,0.4242071514504851,0.4085068422551544,0.41545490693230647,-0.10901194115451782,0.9582072034796513,0.9573694868123023,0.9584648252373817,0.9576399199943587,-0.4508982160326352,0.9714707231921238,0.9717164646229155,0.9710822592483567,0.9713427126502592,0.19761072254895024,0.7731629330268278,0.7732358951620759,0.7732395081937136,0.7732806812094797,0.3742219984832438,0.16543901650386272,0.17280715609423047,0.15467126415149848,0.16281071423652788,-0.20911542802640481,0.915436958615139,0.9154047210376987,0.9154871896400795,0.915397045536917,-0.5290078203125533,0.8926240379954875,0.8924264159508895,0.8929824827982832,0.8926561533900145,-0.7126614970106132,0.7204440335203295,0.7249079572061158,0.7156493516285298,0.7193933999262587,-0.12927154455112305,0.9051365402691334,0.9054607299267916,0.9050990819496358,0.9052165915189394,-0.5250124739042897
Najwyzszy,0.999845482292074,1.0,0.9997333910115656,0.9994052086852412,-0.49125562985106663,0.9754231593389324,0.9754861409295749,0.9756593920000657,0.9755593498127737,0.5163487355695598,0.41462216082796277,0.42259648469604866,0.40669207475986224,0.41378248315005633,-0.1049192587100445,0.9579663417394635,0.9573286259646985,0.9582717042393823,0.9576039406152252,-0.44936369394006165,0.9712172408139967,0.9715628773493631,0.9707952048862153,0.9711571584690868,0.20222742395207083,0.7732805838894832,0.7733434456351683,0.7733054117992633,0.7733655889485085,0.375993613460403,0.1629325527517148,0.17069757059448476,0.15214800896332928,0.1606328325802306,-0.20640687728688867,0.9157338161292992,0.9157671814436571,0.91576428086643,0.9157343482539516,-0.5266489593484905,0.8928016390857502,0.892649891441163,0.893144956576037,0.8928634243914828,-0.7118099828887329,0.7197187808404899,0.7244386839062305,0.7149324495044894,0.7188931132882155,-0.12689345436963567,0.904586532557553,0.9049796469998818,0.9045137656526011,0.9047079618888959,-0.5229440259475514
Najnizszy,0.9997866397112661,0.9997333910115656,1.0,0.9993874646318953,-0.5000052267818434,0.9755723737208527,0.9755191384350521,0.9759384584656164,0.9757188756261976,0.5147417235219233,0.41799025756199637,0.4257479781992419,0.4103373502905476,0.4171798480439532,-0.11407398471432853,0.9581800574711165,0.9574115027174493,0.9586925282641966,0.9578564924117051,-0.4527706866211497,0.9716243487551023,0.9718601890842484,0.9713951821094513,0.9716190523505326,0.1919482720728172,0.7733606067652893,0.7733852723079435,0.7734614723329859,0.773478820544176,0.37220273143283045,0.1677705288199849,0.17515325413030863,0.15745436306594,0.1655268681211496,-0.2119935137344499,0.9150081376477692,0.9149545153946637,0.9151395762770357,0.9150269615052113,-0.5319553307436027,0.8924167003670908,0.8921985369423459,0.8928497672128524,0.8925001978220699,-0.7140207331439997,0.7211565327862294,0.7255327659243006,0.7166782538980918,0.7203052772670886,-0.13220734049851923,0.9055458243174218,0.9058072458314991,0.9055895659075165,0.9056538613378867,-0.527451754694329
Zamkniecie,0.9992321575643897,0.9994052086852412,0.9993874646318953,1.0,-0.49602509476621104,0.9750933727774374,0.9751691593646596,0.975434460671859,0.9753791472410498,0.5146845759529456,0.4152984934396728,0.4232566141419109,0.4075551017537439,0.41466006159408375,-0.10923526539530079,0.9577056498005577,0.9571102997756687,0.9581908206106213,0.9575840803610289,-0.45118886345922127,0.9711048967285494,0.9714511825982568,0.9708219393414506,0.9712140661596185,0.1969323823865411,0.7733167991710355,0.7734083350944059,0.7733803652255373,0.7734965849529887,0.3751197984267084,0.16391150423314316,0.171683752314729,0.15347842493557395,0.16206823113293076,-0.20850066349134377,0.9151434426635764,0.9151856894494299,0.9152602420943002,0.9152638479497199,-0.5296283810368649,0.8923775507972074,0.8922325323201404,0.8927981028557458,0.8925525204868493,-0.713259534654805,0.7200698288206004,0.7247449218484628,0.7155171278558408,0.7194638138235923,-0.12889232687872698,0.9044940285119631,0.9048505100251171,0.9045003053781012,0.9047075857997477,-0.5251688090643652
Wolumen,-0.4946461119730294,-0.49125562985106663,-0.5000052267818434,-0.49602509476621104,1.0,-0.4609304348923947,-0.45884219514417063,-0.46418999539157424,-0.4617488821352346,-0.04716547897468274,-0.25678002694494456,-0.2550166625891703,-0.26036418422491375,-0.25754223227963213,0.4688255270913339,-0.4752043174390444,-0.47163852699266684,-0.47971174600620037,-0.47581769247085975,0.4668378001182248,-0.45761745439714524,-0.45543161020053907,-0.46180604830159255,-0.4590438616609826,0.2824185191919152,-0.2628876156569079,-0.26225827297114995,-0.2641709526035052,-0.2634258672101399,-0.20527608117133658,-0.131998531021954,-0.12729278888485127,-0.13914489797185536,-0.1338218452285181,0.38437933253880235,-0.3546503854798301,-0.35337450232676154,-0.3564295038647546,-0.35510021874074815,0.5494996594461741,-0.3393734891613412,-0.3382985669982513,-0.3409462798489212,-0.33984047558781094,0.5467783228787304,-0.5007204977721517,-0.496507661231322,-0.5043740500834268,-0.4998817025961783,0.32764902256590106,-0.3941283021856167,-0.3918710105665845,-0.3971950878164415,-0.3947397109729694,0.5607690707737414
Otwarcie_brk-a_us_d,0.9755274351653359,0.9754231593389324,0.9755723737208527,0.9750933727774374,-0.4609304348923947,1.0,0.9998517486139559,0.9998266936297314,0.9996854438094572,0.6032524294814532,0.49262787323224133,0.5004644404609839,0.4850920030089529,0.4920353205865783,-0.09835768491830717,0.9633679129906466,0.9631788965200371,0.963650646322406,0.9632336425530057,-0.4207845439945443,0.9788151093200281,0.9791088985626744,0.9782736939324689,0.9785660732638671,0.17649666401324074,0.8145760287520891,0.814660586023299,0.8145656279592646,0.8145502491436626,0.3186712270741755,0.20549303731431212,0.21270481542166655,0.1950961792959427,0.20318061927476833,-0.20594677410349377,0.9296217098969172,0.9295060590063362,0.9295877273381314,0.9294387078080527,-0.4926770587961508,0.9168766957116512,0.9165699602880212,0.9173965660804144,0.9168976007612348,-0.6725042464006686,0.6447960222172994,0.6494710612209978,0.6402568648523981,0.644111504711128,-0.10877713071069424,0.9491863602449522,0.9492752971699834,0.9490848256091233,0.9490210079735579,-0.5195493709558534
Najwyzszy_brk-a_us_d,0.9754838855056056,0.9754861409295749,0.9755191384350521,0.9751691593646596,-0.45884219514417063,0.9998517486139559,1.0,0.9997543633392768,0.9998276855886087,0.6053768549112961,0.4916988588175092,0.4997599574819734,0.48418456783667885,0.49136285981947286,-0.09427835109318256,0.9631850584482917,0.9631175348478607,0.9634641884298739,0.9631805469766492,-0.419161428082009,0.9786388213311699,0.9790776124623988,0.9781046976060582,0.9785360615826905,0.18104655253126012,0.8152564433238016,0.8153757273021036,0.815222483173977,0.815264023543382,0.3194523999992743,0.20348249549963962,0.21109882107536734,0.19313986404142003,0.20162355185786768,-0.20403459360837173,0.9302884927036904,0.930251859029707,0.9302431600621845,0.9301761705171882,-0.4902058496642573,0.9175989666068675,0.917362551199657,0.9181181972672364,0.9176928163443484,-0.6712029769872707,0.6430640636943891,0.6480259956504811,0.6385362432122599,0.6426491468504988,-0.10678504090684794,0.9490869195180358,0.9493366974922943,0.9490195435519928,0.9491054782310762,-0.5172173529813449
Najnizszy_brk-a_us_d,0.9757709915642443,0.9756593920000657,0.9759384584656164,0.975434460671859,-0.46418999539157424,0.9998266936297314,0.9997543633392768,1.0,0.9998393733923302,0.5991140767595006,0.4907277012593881,0.498599266766007,0.4834944472563159,0.4904370320507521,-0.10360848215030384,0.9632320580848647,0.963036803686383,0.9636550608269863,0.9632235569843868,-0.4229963835720664,0.9793609579797203,0.979662343606903,0.9790386657321936,0.9793037979857048,0.17068935958100678,0.8135462285055522,0.8136113915049507,0.8136194783633258,0.8136134215230939,0.31868676352234454,0.20566246770057464,0.21291828370201635,0.19576554237666827,0.20384521108164394,-0.2084741801925144,0.9291737719967318,0.9290384319016439,0.9292398166704284,0.9290791311956516,-0.49654946704250635,0.9160920994634296,0.9157852146144592,0.9167171291165571,0.916219941665158,-0.6751228728572273,0.6474312901856751,0.6521318258978952,0.6431693611388692,0.6470115781924846,-0.11129624916422647,0.9488783479703682,0.9490196568710416,0.9489683825028306,0.9489179937308111,-0.5224875288322229
Zamkniecie_brk-a_us_d,0.9755660864177961,0.9755593498127737,0.9757188756261976,0.9753791472410498,-0.4617488821352346,0.9996854438094572,0.9998276855886087,0.9998393733923302,1.0,0.6022047101277778,0.4911105358877877,0.49917487660842047,0.4838428743820878,0.4911068607927873,-0.09909387759814471,0.9631227706559208,0.9630398552365245,0.9635271995550865,0.9632879094086828,-0.4210577318151106,0.9789224142607804,0.979380438729585,0.9785945852545245,0.9790797018463251,0.17566649258571507,0.8143296207731909,0.814429473398398,0.8143820570992479,0.8144776994657188,0.3191934876297292,0.20436033783315066,0.21199709755563254,0.1944388690871897,0.20311465876038026,-0.20620042154457313,0.9296924318004973,0.9296538313227151,0.929752426454354,0.9297323235633429,-0.49368598623695753,0.9168578678345068,0.9166363753509832,0.9174802751695765,0.9171114289238973,-0.6733505729560609,0.6452291900651499,0.6501703525898965,0.6409461778658655,0.6451296757365718,-0.10929077361979292,0.9489513912339271,0.9492215754565513,0.9490460193123604,0.9491979845302525,-0.5199288220088263
Wolumen_brk-a_us_d,0.5157437512971387,0.5163487355695598,0.5147417235219233,0.5146845759529456,-0.04716547897468274,0.6032524294814532,0.6053768549112961,0.5991140767595006,0.6022047101277778,1.0,0.6131567329237929,0.6224687007882787,0.6042774656481403,0.6136041514283872,0.1705848223916649,0.5305299203915892,0.5325474567543425,0.5285335680172668,0.5307067545101875,-0.07653303062181721,0.5550062219855625,0.557769529673431,0.5515809407529171,0.5546683282742261,0.3274751660025322,0.6840404333748258,0.6863082112826226,0.6819529485082797,0.6837925640101012,0.04209635343489826,0.28447039898251375,0.29430864931116785,0.2746628644982511,0.2856953288849877,-0.03283619303556758,0.6355829271904556,0.6372087020585141,0.6345035728908447,0.6358485673284392,-0.04549696333518902,0.6906935949577674,0.6918434320727405,0.6901842234575485,0.6909936005724711,-0.15134428752983112,0.04948160521585458,0.05613822921207318,0.04372112307134574,0.04960083469847316,-0.002607092080160413,0.6864148605905797,0.6883679254671784,0.6846422602959491,0.6869508270451757,-0.11987323215103954
Otwarcie_xom_us_d,0.41636952349722733,0.41462216082796277,0.41799025756199637,0.4152984934396728,-0.25678002694494456,0.49262787323224133,0.4916988588175092,0.4907277012593881,0.4911105358877877,0.6131567329237929,1.0,0.9992145606434026,0.9992498549939243,0.9985052550089948,-0.3660351310684544,0.512659455822246,0.5111157080577006,0.5153769531295591,0.5134269022575768,-0.30512187828603143,0.37063490223253776,0.37085876801722506,0.37044845581741254,0.37042161324048195,-0.0920900281369025,0.31968237976603836,0.31985282121311953,0.31870338032620044,0.31863879144874285,0.02484224832865275,0.5178068407055146,0.5178247130942223,0.5158756172604996,0.5171681576268877,-0.19408847553834,0.3024952748183602,0.30293356265537996,0.30216721365666516,0.3024506816297428,-0.27780350280042737,0.3641409485733749,0.36425743109237946,0.3646772286171397,0.3644366381747745,-0.32273850083915534,0.2569849697777079,0.25712885090113985,0.25655546093645215,0.2573341783702652,-0.2213937238193369,0.4631358575707681,0.46218595832446524,0.4643910355746504,0.4634496775649527,-0.2972051155642537
Najwyzszy_xom_us_d,0.4242071514504851,0.42259648469604866,0.4257479781992419,0.4232566141419109,-0.2550166625891703,0.5004644404609839,0.4997599574819734,0.498599266766007,0.49917487660842047,0.6224687007882787,0.9992145606434026,1.0,0.99885882174089,0.9993329853502452,-0.352883791988604,0.5197380368073532,0.5183711763987722,0.5224184965532067,0.5206608549750716,-0.30356184787750456,0.3788425581538651,0.3792731232993502,0.37863022343116404,0.37880432375926176,-0.0802248587488149,0.3303009253727098,0.33053748206851336,0.3293135345457355,0.32929502606801997,0.02709358137133214,0.5132164480162845,0.5140434784718363,0.511284957349582,0.513304803991915,-0.1910464979021467,0.3130998516948259,0.3136067808590506,0.31274500253070536,0.313102821815913,-0.2761802036771779,0.37508489474459994,0.3752860033348212,0.37564114079445865,0.3754754049389468,-0.3246826458270625,0.25647431233596685,0.257417873739371,0.2557192135595184,0.25724453742284953,-0.21804682768331496,0.47155422857371476,0.47095654198237624,0.4728546115392067,0.4722160011456164,-0.2965359304660475
Najnizszy_xom_us_d,0.4085068422551544,0.40669207475986224,0.4103373502905476,0.4075551017537439,-0.26036418422491375,0.4850920030089529,0.48418456783667885,0.4834944472563159,0.4838428743820878,0.6042774656481403,0.9992498549939243,0.99885882174089,1.0,0.9992032485649094,-0.3803376888372989,0.5055998990901884,0.5040044929288087,0.5085564692249009,0.5065164484827098,-0.3064133916148601,0.36314502274132276,0.36334388203710805,0.3632959618405935,0.3631726230633335,-0.10741471789838365,0.3118031572602819,0.31197020661936203,0.31094214726656305,0.31084268453400904,0.01965261662076916,0.5205095562188558,0.5205443910388879,0.5195980227344146,0.5207101321250015,-0.19781853228720897,0.29331968016441984,0.29366693569773616,0.2931088767904155,0.29331377934480873,-0.28092660963021837,0.3550585308181648,0.3551297532030998,0.3557277209711676,0.3554421850762986,-0.3214614355892383,0.25458706173707285,0.25470054874087306,0.2546934338468298,0.25534134677547626,-0.22682851788704458,0.4559602927139862,0.45503437451344586,0.4575041799445418,0.45651988158977397,-0.2993503023816217
Zamkniecie_xom_us_d,0.41545490693230647,0.41378248315005633,0.4171798480439532,0.41466006159408375,-0.25754223227963213,0.4920353205865783,0.49136285981947286,0.4904370320507521,0.4911068607927873,0.6136041514283872,0.9985052550089948,0.9993329853502452,0.9992032485649094,1.0,-0.3659759289266535,0.5119176414834165,0.5104884607027725,0.5148006189814324,0.5130819947899703,-0.3043171977567073,0.3701668976156903,0.37061947212137264,0.3702956107763498,0.3705350832821314,-0.09450496990163626,0.321131565596574,0.3213460954549801,0.3202360617199579,0.3202655980236583,0.02223342813040638,0.5153732711532508,0.5161504014328229,0.5143039874914493,0.5165708566715911,-0.19372576082868664,0.30280260875555265,0.3032748560207174,0.30258083014254844,0.30297323984531443,-0.27782965455965036,0.36481711994619986,0.3650080909216545,0.3655095973611885,0.3654016256765722,-0.3224230166923511,0.25381290579342514,0.25468806492222573,0.2534960164364323,0.2551168700920927,-0.22269625746950103,0.463198566707168,0.46261863429421407,0.46476049552229187,0.46421301200183357,-0.29754466984236516
Wolumen_xom_us_d,-0.10901194115451782,-0.1049192587100445,-0.11407398471432853,-0.10923526539530079,0.4688255270913339,-0.09835768491830717,-0.09427835109318256,-0.10360848215030384,-0.09909387759814471,0.1705848223916649,-0.3660351310684544,-0.352883791988604,-0.3803376888372989,-0.3659759289266535,1.0,-0.16314003045452213,-0.15745387484850606,-0.1699374011202367,-0.16382688095018405,0.4253268794981524,-0.06589995881632334,-0.06148182979776843,-0.07301993419519014,-0.06765249782334706,0.6633680655693585,0.13738196313462614,0.1393296983674777,0.13455803051571097,0.13626980632067864,-0.016994487136330186,-0.301404040728986,-0.2881470231879726,-0.3169205113743242,-0.30284305823403534,0.3926897621464341,0.07807174595712169,0.08083448440605269,0.07496481865176573,0.07752318664100945,0.48537003808528917,0.08565148362634109,0.08778875327301502,0.082737662273189,0.08484689373114786,0.34800808461772215,-0.3500744993316486,-0.3411547648890201,-0.3593853759774166,-0.35058341818925337,0.404479647988675,-0.019886773689419338,-0.015822164607757556,-0.025151662083492343,-0.020573538296637058,0.4018101018084187
Otwarcie_pfe_us_d,0.9582072034796513,0.9579663417394635,0.9581800574711165,0.9577056498005577,-0.4752043174390444,0.9633679129906466,0.9631850584482917,0.9632320580848647,0.9631227706559208,0.5305299203915892,0.512659455822246,0.5197380368073532,0.5055998990901884,0.5119176414834165,-0.16314003045452213,1.0,0.9996976037120071,0.9996604043579671,0.9993789081650432,-0.4383326296436307,0.9446870481870471,0.9450494046934399,0.944038915552534,0.9444305961237047,0.1530978635591366,0.7658459901139515,0.7658403803259834,0.76558483964014,0.7657624050196568,0.33453292342714347,0.21253061810998203,0.21970731219726253,0.2024444977630357,0.2104450689062386,-0.22436539663991018,0.8885621506852598,0.8884853897344098,0.8882115421967263,0.8882265451812886,-0.5097343211883127,0.8715685243229899,0.8715123075237208,0.8719802077167037,0.8716925526226185,-0.6814392716141241,0.6539836920707747,0.6584441559680446,0.6494596388550963,0.6534328499438695,-0.1170674198538445,0.886639715852998,0.8866430122077573,0.8866255228642186,0.8865239132447051,-0.5091688678500296
Najwyzszy_pfe_us_d,0.9573694868123023,0.9573286259646985,0.9574115027174493,0.9571102997756687,-0.47163852699266684,0.9631788965200371,0.9631175348478607,0.963036803686383,0.9630398552365245,0.5325474567543425,0.5111157080577006,0.5183711763987722,0.5040044929288087,0.5104884607027725,-0.15745387484850606,0.9996976037120071,1.0,0.9995746708609542,0.9997099980537905,-0.4329217795056547,0.9444722185384539,0.9449574281680008,0.9437932361821767,0.9443025140661081,0.15810630899744993,0.7678452988089266,0.7678570406638594,0.7675409962959823,0.7677434854901052,0.33378869315985593,0.2105183265072543,0.21810720562485525,0.20046177386960246,0.20882118427808624,-0.22191293313167043,0.8896395392696536,0.8896459229477911,0.8892779714749198,0.8893629515012067,-0.5058352061616166,0.8727358727703887,0.8727460334217296,0.873131711671518,0.872910833252259,-0.6787176099028107,0.6502056497926909,0.6549216767013382,0.645676236617011,0.6498667524880778,-0.11374433367065503,0.8869612260166396,0.8870487616861444,0.8869143967184617,0.8869060014723946,-0.5061933694430152
Najnizszy_pfe_us_d,0.9584648252373817,0.9582717042393823,0.9586925282641966,0.9581908206106213,-0.47971174600620037,0.963650646322406,0.9634641884298739,0.9636550608269863,0.9635271995550865,0.5285335680172668,0.5153769531295591,0.5224184965532067,0.5085564692249009,0.5148006189814324,-0.1699374011202367,0.9996604043579671,0.9995746708609542,1.0,0.9996922480682154,-0.4454700517220799,0.9445197964564392,0.9448748724802782,0.9440402867703749,0.9444014901355415,0.1454589440586044,0.7637603559477761,0.7637250010483896,0.7635396530461993,0.76367612797005,0.3339830897865477,0.21530580873448013,0.2225075105603348,0.20566978639852665,0.2136548351470576,-0.22785219261970652,0.8870912601522033,0.8870100183844949,0.8868336341588534,0.8868375486327058,-0.5140098493450785,0.8702219329556494,0.8701544887703186,0.8707023292988281,0.8704125772658837,-0.6839379983257029,0.6565115572961041,0.6609211455154549,0.6522306664931524,0.6561441556841434,-0.12096543193835317,0.8864250527369741,0.8864032827261926,0.8865230909846533,0.8863900633736695,-0.5125254324509635
Zamkniecie_pfe_us_d,0.9576399199943587,0.9576039406152252,0.9578564924117051,0.9575840803610289,-0.47581769247085975,0.9632336425530057,0.9631805469766492,0.9632235569843868,0.9632879094086828,0.5307067545101875,0.5134269022575768,0.5206608549750716,0.5065164484827098,0.5130819947899703,-0.16382688095018405,0.9993789081650432,0.9997099980537905,0.9996922480682154,1.0,-0.43931556979111575,0.9442033866553122,0.9447030020364979,0.943699677275258,0.9442792152439068,0.15145102120628828,0.7657421937718795,0.7657351307568404,0.7654814937512959,0.7657171601802831,0.33355451276147624,0.21250332028237684,0.22011584032707993,0.2028680084908413,0.21147194225207314,-0.2246482112133216,0.8881919394577361,0.8882055184854124,0.8879211280307733,0.8880677468804262,-0.5099464165937072,0.8713082293481101,0.8713205866087063,0.8717756532630856,0.8716150797185287,-0.6812160518876156,0.6527401315630778,0.6574047953477175,0.6484102192410975,0.6527013447171702,-0.11744204442099515,0.8865652180253248,0.8866476577545958,0.8866377392813185,0.8866800487514716,-0.5094157034827719
Wolumen_pfe_us_d,-0.4508982160326352,-0.44936369394006165,-0.4527706866211497,-0.45118886345922127,0.4668378001182248,-0.4207845439945443,-0.419161428082009,-0.4229963835720664,-0.4210577318151106,-0.07653303062181721,-0.30512187828603143,-0.30356184787750456,-0.3064133916148601,-0.3043171977567073,0.4253268794981524,-0.4383326296436307,-0.4329217795056547,-0.4454700517220799,-0.43931556979111575,1.0,-0.39525685242366326,-0.39377197182345264,-0.39781623924822257,-0.39606905314234875,0.26218369960376553,-0.185038410508051,-0.18440913095177533,-0.1859191437252579,-0.18503887438747224,-0.20022922809511506,-0.17755657284465085,-0.17473988501107157,-0.18014612047504144,-0.17731257423498806,0.2892713721264957,-0.29406875611917355,-0.29344249325522254,-0.295210913250795,-0.2945526517008445,0.48682207335683864,-0.2856871633005867,-0.28503233603148614,-0.2868704023249324,-0.28625832621572017,0.46035787325573585,-0.49622266432437195,-0.49394024424813504,-0.497787191118232,-0.49589922069460113,0.2820473863528052,-0.32665748860483773,-0.3252813661807765,-0.3289012688261817,-0.3272944659617993,0.44329244436773246
Otwarcie_^spx_d,0.9714707231921238,0.9712172408139967,0.9716243487551023,0.9711048967285494,-0.45761745439714524,0.9788151093200281,0.9786388213311699,0.9793609579797203,0.9789224142607804,0.5550062219855625,0.37063490223253776,0.3788425581538651,0.36314502274132276,0.3701668976156903,-0.06589995881632334,0.9446870481870471,0.9444722185384539,0.9445197964564392,0.9442033866553122,-0.39525685242366326,1.0,0.9998798939323834,0.999818708931292,0.9996857948221384,0.1850858881063461,0.8618828469386121,0.861715652302545,0.8622837360044204,0.8620861995597323,0.31426736873571376,0.19426609853075888,0.20150361595319574,0.1842493083075673,0.191800675851991,-0.20124420051247344,0.9664655150874304,0.9659505987596316,0.9667901529880284,0.9662254751409752,-0.4897993823441736,0.9471921911347495,0.9466387523643545,0.947872952764827,0.9471434294008012,-0.6590120354609639,0.6347751876129101,0.6389980734510632,0.6307880078276061,0.6337513982086934,-0.08704171808919502,0.9561996893560278,0.9561988241602537,0.9560615544199518,0.9559025057478981,-0.49921307780324
Najwyzszy_^spx_d,0.9717164646229155,0.9715628773493631,0.9718601890842484,0.9714511825982568,-0.45543161020053907,0.9791088985626744,0.9790776124623988,0.979662343606903,0.979380438729585,0.557769529673431,0.37085876801722506,0.3792731232993502,0.36334388203710805,0.37061947212137264,-0.06148182979776843,0.9450494046934399,0.9449574281680008,0.9448748724802782,0.9447030020364979,-0.39377197182345264,0.9998798939323834,1.0,0.9997556100708038,0.9998295804037497,0.19004138685301525,0.8629175235115427,0.8628546474072845,0.8633442213286879,0.863280899314565,0.3149440962900165,0.19256102370098774,0.20021474298238368,0.182580399168723,0.1906169800649207,-0.1995103359843659,0.9674176079032523,0.9670393956277231,0.9677706947296503,0.9673470045450872,-0.4873173959728367,0.948322599406705,0.9478909688647982,0.9490352901032894,0.9484394094663438,-0.6578041368944502,0.6328344547026171,0.6372990883411982,0.6288464023324379,0.6320615535858201,-0.08549184706714617,0.9564084256583022,0.95656103698919,0.9563024094475976,0.956303046516652,-0.49692301783384996
Najnizszy_^spx_d,0.9710822592483567,0.9707952048862153,0.9713951821094513,0.9708219393414506,-0.46180604830159255,0.9782736939324689,0.9781046976060582,0.9790386657321936,0.9785945852545245,0.5515809407529171,0.37044845581741254,0.37863022343116404,0.3632959618405935,0.3702956107763498,-0.07301993419519014,0.944038915552534,0.9437932361821767,0.9440402867703749,0.943699677275258,-0.39781623924822257,0.999818708931292,0.9997556100708038,1.0,0.9998496289204588,0.17684239369511864,0.8604499789956153,0.8603080140916517,0.8610393619283232,0.8608984901105188,0.31275896574166506,0.19599661836450855,0.20320770910272198,0.18659732879062021,0.19415117842589874,-0.20476009956357763,0.9652894760246737,0.9647800496029273,0.96581099907343,0.9652556573025509,-0.49441388399653696,0.945756085152915,0.9452233157260569,0.9466234253813176,0.9459188847928792,-0.6614830456941622,0.6365441628800258,0.6406949847531607,0.6328672738250853,0.635781482423621,-0.09156172458355395,0.9558841920975827,0.9559053630756031,0.9559669353931148,0.9558149699752004,-0.5029710765919752
Zamkniecie_^spx_d,0.9713427126502592,0.9711571584690868,0.9716190523505326,0.9712140661596185,-0.4590438616609826,0.9785660732638671,0.9785360615826905,0.9793037979857048,0.9790797018463251,0.5546683282742261,0.37042161324048195,0.37880432375926176,0.3631726230633335,0.3705350832821314,-0.06765249782334706,0.9444305961237047,0.9443025140661081,0.9444014901355415,0.9442792152439068,-0.39606905314234875,0.9996857948221384,0.9998295804037497,0.9998496289204588,1.0,0.18297231298574534,0.8614746697897003,0.8614286788529596,0.8620542277942816,0.8621035551436554,0.3139431374773372,0.19385139261357068,0.2014705950781841,0.1843795512650495,0.1926440164609338,-0.20223406865277777,0.9663093048165297,0.9659391717608076,0.966830005015091,0.9664837892146414,-0.4912831427425246,0.9469338025841146,0.9465216914873308,0.9478055222350824,0.947298401389271,-0.6598846054354106,0.6345599383421073,0.6389518351333315,0.6308336736745246,0.6341312422190015,-0.08924977015974683,0.9560425216036229,0.9561981430781487,0.9561107852745018,0.9561834334812027,-0.5002260431685193
Wolumen_^spx_d,0.19761072254895024,0.20222742395207083,0.1919482720728172,0.1969323823865411,0.2824185191919152,0.17649666401324074,0.18104655253126012,0.17068935958100678,0.17566649258571507,0.3274751660025322,-0.0920900281369025,-0.0802248587488149,-0.10741471789838365,-0.09450496990163626,0.6633680655693585,0.1530978635591366,0.15810630899744993,0.1454589440586044,0.15145102120628828,0.26218369960376553,0.1850858881063461,0.19004138685301525,0.17684239369511864,0.18297231298574534,1.0,0.2468370785850669,0.24909003951023764,0.24282487432623875,0.24557108090544352,0.16269941146946856,-0.23556335526473382,-0.21916611420880158,-0.2551969485475426,-0.23812662637301873,0.32335077478556135,0.2771732882738755,0.2807848642747618,0.27297026089486975,0.27648319282304673,0.2950250863069366,0.2730126650906845,0.2757953711344746,0.26928213808504975,0.2720606833198727,0.07393362898450259,-0.01409419404883026,-0.002029425117850285,-0.026351419416431057,-0.014261178718110586,0.37968104577201817,0.181059827578784,0.18578734061491262,0.17475668403000472,0.1799710794429342,0.28170166334339464
Otwarcie_tsla_us_d,0.7731629330268278,0.7732805838894832,0.7733606067652893,0.7733167991710355,-0.2628876156569079,0.8145760287520891,0.8152564433238016,0.8135462285055522,0.8143296207731909,0.6840404333748258,0.31968237976603836,0.3303009253727098,0.3118031572602819,0.321131565596574,0.13738196313462614,0.7658459901139515,0.7678452988089266,0.7637603559477761,0.7657421937718795,-0.185038410508051,0.8618828469386121,0.8629175235115427,0.8604499789956153,0.8614746697897003,0.2468370785850669,1.0,0.9995977472736793,0.9996002805996212,0.9991896047884674,0.08040500489056669,0.20067328100696036,0.20989374506320244,0.19182150689321817,0.20077536487465256,-0.1043771183043942,0.9200232344561866,0.9199021532539027,0.9197343564480106,0.9194770031118779,-0.2686147628434565,0.9492088384167243,0.9489796989898379,0.9492084207383732,0.9488456901693542,-0.3990761319995867,0.2631258259624598,0.2681893027144907,0.25953634711324736,0.2626787567966797,-0.0035802391756527283,0.9031171539948565,0.9038944934900977,0.90173062545687,0.9024699279473151,-0.31589614139036143
Najwyzszy_tsla_us_d,0.7732358951620759,0.7733434456351683,0.7733852723079435,0.7734083350944059,-0.26225827297114995,0.814660586023299,0.8153757273021036,0.8136113915049507,0.814429473398398,0.6863082112826226,0.31985282121311953,0.33053748206851336,0.31197020661936203,0.3213460954549801,0.1393296983674777,0.7658403803259834,0.7678570406638594,0.7637250010483896,0.7657351307568404,-0.18440913095177533,0.861715652302545,0.8628546474072845,0.8603080140916517,0.8614286788529596,0.24909003951023764,0.9995977472736793,1.0,0.9994631899619432,0.9995017662555964,0.0843522973712028,0.19973115849558173,0.20901921853205388,0.19083163825190685,0.19987702036315128,-0.10357176857858445,0.9201085478718974,0.9200854262846714,0.9198594359550498,0.9196919632751812,-0.26767252668338637,0.949213244672212,0.9491141223983622,0.949269987831555,0.9490212966213952,-0.39872447997439153,0.26309334486346914,0.2682143704566888,0.2594700078271863,0.2626666851502254,-0.0024918486190385974,0.9028815684994045,0.9037336366487979,0.9015325103503604,0.9023266802368278,-0.31548073536457955
Najnizszy_tsla_us_d,0.7732395081937136,0.7733054117992633,0.7734614723329859,0.7733803652255373,-0.2641709526035052,0.8145656279592646,0.815222483173977,0.8136194783633258,0.8143820570992479,0.6819529485082797,0.31870338032620044,0.3293135345457355,0.31094214726656305,0.3202360617199579,0.13455803051571097,0.76558483964014,0.7675409962959823,0.7635396530461993,0.7654814937512959,-0.1859191437252579,0.8622837360044204,0.8633442213286879,0.8610393619283232,0.8620542277942816,0.24282487432623875,0.9996002805996212,0.9994631899619432,1.0,0.9996726730615022,0.07684060965079276,0.20157718136483224,0.21065201283230778,0.19284612515782362,0.20171508635171587,-0.10571449624208265,0.9200596865969671,0.9199634072677644,0.9199346071214548,0.9196878647170844,-0.27065530557193473,0.9490284825875086,0.9488512732839054,0.9492384098885593,0.9488982275077151,-0.4000555542619228,0.26367111882201166,0.26865054948348777,0.2601491278857499,0.26321879240469637,-0.005371675345347061,0.9036465611355974,0.9044457858668741,0.9023687934099599,0.9031054250800431,-0.3167543810721306
Zamkniecie_tsla_us_d,0.7732806812094797,0.7733655889485085,0.773478820544176,0.7734965849529887,-0.2634258672101399,0.8145502491436626,0.815264023543382,0.8136134215230939,0.8144776994657188,0.6837925640101012,0.31863879144874285,0.32929502606801997,0.31084268453400904,0.3202655980236583,0.13626980632067864,0.7657624050196568,0.7677434854901052,0.76367612797005,0.7657171601802831,-0.18503887438747224,0.8620861995597323,0.863280899314565,0.8608984901105188,0.8621035551436554,0.24557108090544352,0.9991896047884674,0.9995017662555964,0.9996726730615022,1.0,0.0813646539826118,0.2002988164753947,0.20946901551730066,0.19156126470961413,0.20068674896534264,-0.1048283136846521,0.9202317953132179,0.9202495376295469,0.9201557612583595,0.9200874254324893,-0.26959280639804667,0.9491471338110021,0.9491069280923519,0.9494051965213608,0.9492725741710855,-0.3995822038378997,0.26351425846446846,0.2685653944166253,0.25997575261800676,0.2631631986282536,-0.004316554374689601,0.9032913197205745,0.9041662481272407,0.90205491788698,0.9029201806749747,-0.31636537059493197
Wolumen_tsla_us_d,0.3742219984832438,0.375993613460403,0.37220273143283045,0.3751197984267084,-0.20527608117133658,0.3186712270741755,0.3194523999992743,0.31868676352234454,0.3191934876297292,0.04209635343489826,0.02484224832865275,0.02709358137133214,0.01965261662076916,0.02223342813040638,-0.016994487136330186,0.33453292342714347,0.33378869315985593,0.3339830897865477,0.33355451276147624,-0.20022922809511506,0.31426736873571376,0.3149440962900165,0.31275896574166506,0.3139431374773372,0.16269941146946856,0.08040500489056669,0.0843522973712028,0.07684060965079276,0.0813646539826118,1.0,0.0015977655856517284,0.008038156581547521,-0.006401311985578111,-4.1495773483309976e-05,-0.044996026399430795,0.26948437878846276,0.27084933909073633,0.2683906192005173,0.26977639377053747,-0.1678386452161462,0.2190932927572197,0.22022352878723056,0.21808109391357883,0.21923192909488587,-0.3065746047421506,0.4037098983139534,0.40769730697907136,0.3974786168870899,0.4023619659172254,-0.012010239651362482,0.20516317227615927,0.20567969099737335,0.20457272271825078,0.20535332234230944,-0.22665071046223428
Otwarcie_ibm_us_d,0.16543901650386272,0.1629325527517148,0.1677705288199849,0.16391150423314316,-0.131998531021954,0.20549303731431212,0.20348249549963962,0.20566246770057464,0.20436033783315066,0.28447039898251375,0.5178068407055146,0.5132164480162845,0.5205095562188558,0.5153732711532508,-0.301404040728986,0.21253061810998203,0.2105183265072543,0.21530580873448013,0.21250332028237684,-0.17755657284465085,0.19426609853075888,0.19256102370098774,0.19599661836450855,0.19385139261357068,-0.23556335526473382,0.20067328100696036,0.19973115849558173,0.20157718136483224,0.2002988164753947,0.0015977655856517284,1.0,0.9979299046407663,0.9978680399396705,0.9956739240439659,-0.2212918925240024,0.16028667799091842,0.15932264501262167,0.16118347450498355,0.16013252771338976,-0.16917813557064232,0.2053958920477206,0.20449412127414837,0.20636632266016325,0.20518692333635283,-0.04360788292593562,0.20450263321949794,0.2012394008403182,0.20735624504255531,0.20331088895285854,-0.15669310448691776,0.2314835608467757,0.23004476471019197,0.2326554665781277,0.23137331149475088,0.01405381426274882
Najwyzszy_ibm_us_d,0.17280715609423047,0.17069757059448476,0.17515325413030863,0.171683752314729,-0.12729278888485127,0.21270481542166655,0.21109882107536734,0.21291828370201635,0.21199709755563254,0.29430864931116785,0.5178247130942223,0.5140434784718363,0.5205443910388879,0.5161504014328229,-0.2881470231879726,0.21970731219726253,0.21810720562485525,0.2225075105603348,0.22011584032707993,-0.17473988501107157,0.20150361595319574,0.20021474298238368,0.20320770910272198,0.2014705950781841,-0.21916611420880158,0.20989374506320244,0.20901921853205388,0.21065201283230778,0.20946901551730066,0.008038156581547521,0.9979299046407663,1.0,0.9971921932887994,0.997897267071406,-0.2061819285056912,0.1697856355954155,0.1690380710590283,0.17063593712098493,0.16980275194859135,-0.1649882492475975,0.21488826697994493,0.2141668929266297,0.21582627586373712,0.2148300601262944,-0.04328969469728905,0.20535774261009201,0.20309234581930435,0.20833727819306463,0.20516266121922322,-0.15137615589233136,0.2380179759184057,0.23699746238990654,0.2391945056313579,0.23832318876121147,0.01973116412357787
Najnizszy_ibm_us_d,0.15467126415149848,0.15214800896332928,0.15745436306594,0.15347842493557395,-0.13914489797185536,0.1950961792959427,0.19313986404142003,0.19576554237666827,0.1944388690871897,0.2746628644982511,0.5158756172604996,0.511284957349582,0.5195980227344146,0.5143039874914493,-0.3169205113743242,0.2024444977630357,0.20046177386960246,0.20566978639852665,0.2028680084908413,-0.18014612047504144,0.1842493083075673,0.182580399168723,0.18659732879062021,0.1843795512650495,-0.2551969485475426,0.19182150689321817,0.19083163825190685,0.19284612515782362,0.19156126470961413,-0.006401311985578111,0.9978680399396705,0.9971921932887994,1.0,0.9979379353690526,-0.2389498566550086,0.1488809794805258,0.14787292720170936,0.15006971599791075,0.1489710810694477,-0.17595426542808792,0.19439414506221422,0.193490261558654,0.1956204550349613,0.19444178488408084,-0.04226026354171906,0.1984275002731961,0.19518294279102982,0.20229365602114177,0.19816477071454847,-0.16566109255140077,0.22261618686228046,0.22124205510601644,0.22425832122226977,0.22297415209555657,0.00776418669451273
Zamkniecie_ibm_us_d,0.16281071423652788,0.1606328325802306,0.1655268681211496,0.16206823113293076,-0.1338218452285181,0.20318061927476833,0.20162355185786768,0.20384521108164394,0.20311465876038026,0.2856953288849877,0.5171681576268877,0.513304803991915,0.5207101321250015,0.5165708566715911,-0.30284305823403534,0.2104450689062386,0.20882118427808624,0.2136548351470576,0.21147194225207314,-0.17731257423498806,0.191800675851991,0.1906169800649207,0.19415117842589874,0.1926440164609338,-0.23812662637301873,0.20077536487465256,0.19987702036315128,0.20171508635171587,0.20068674896534264,-4.1495773483309976e-05,0.9956739240439659,0.997897267071406,0.9979379353690526,1.0,-0.22399490617460602,0.15883493258380313,0.15809870705682758,0.16000167094655618,0.15933125945770718,-0.1715733177943067,0.20420097681459484,0.203524463344409,0.20543029180906003,0.2046315861956561,-0.042202844492668076,0.20059636266033704,0.19821630301177115,0.20443224395304282,0.2015796776277437,-0.16006608698442978,0.2296289675192949,0.2286504772870825,0.2312707064225767,0.23059818531516574,0.013600999712626403
Wolumen_ibm_us_d,-0.20911542802640481,-0.20640687728688867,-0.2119935137344499,-0.20850066349134377,0.38437933253880235,-0.20594677410349377,-0.20403459360837173,-0.2084741801925144,-0.20620042154457313,-0.03283619303556758,-0.19408847553834,-0.1910464979021467,-0.19781853228720897,-0.19372576082868664,0.3926897621464341,-0.22436539663991018,-0.22191293313167043,-0.22785219261970652,-0.2246482112133216,0.2892713721264957,-0.20124420051247344,-0.1995103359843659,-0.20476009956357763,-0.20223406865277777,0.32335077478556135,-0.1043771183043942,-0.10357176857858445,-0.10571449624208265,-0.1048283136846521,-0.044996026399430795,-0.2212918925240024,-0.2061819285056912,-0.2389498566550086,-0.22399490617460602,1.0,-0.15711013575340485,-0.15586350662299822,-0.15901466962204383,-0.15754041652775538,0.3972216942360204,-0.15269023626008701,-0.1516484722907291,-0.1543737198548093,-0.1531021044771295,0.31757364360384016,-0.2601280687870741,-0.25611190441297715,-0.2651637860439556,-0.26025686447643365,0.28297327336050854,-0.16741989427961793,-0.1650184907335075,-0.17020351691084712,-0.16756407337381382,0.34611889710021065
Otwarcie_msft_us_d,0.915436958615139,0.9157338161292992,0.9150081376477692,0.9151434426635764,-0.3546503854798301,0.9296217098969172,0.9302884927036904,0.9291737719967318,0.9296924318004973,0.6355829271904556,0.3024952748183602,0.3130998516948259,0.29331968016441984,0.30280260875555265,0.07807174595712169,0.8885621506852598,0.8896395392696536,0.8870912601522033,0.8881919394577361,-0.29406875611917355,0.9664655150874304,0.9674176079032523,0.9652894760246737,0.9663093048165297,0.2771732882738755,0.9200232344561866,0.9201085478718974,0.9200596865969671,0.9202317953132179,0.26948437878846276,0.16028667799091842,0.1697856355954155,0.1488809794805258,0.15883493258380313,-0.15711013575340485,1.0,0.9999005917117356,0.9998867123864641,0.9997574897982185,-0.370561401608034,0.9851240427745098,0.985001329895274,0.9854198650871672,0.9851555298331603,-0.5335187700805158,0.4771129009916693,0.48292284325393164,0.4720762842126603,0.4764540558381092,-0.03776641331136762,0.9469951409717619,0.9478019075366423,0.9460171556454786,0.9467807018202354,-0.39701736436423396
